positive/1647664317.7931838.png 14 453 279 67 75 376 235 42 51 19 275 89 71 127 269 41 22 193 225 58 33 166 208 38 37 517 222 13 21 30 341 66 48 503 195 45 30 564 212 39 27 444 207 37 31 417 186 38 27 433 258 31 33 297 265 68 57
positive/1647664321.1906922.png 15 385 259 30 28 529 190 55 32 529 267 50 62 689 332 118 62 692 413 45 50 63 211 51 44 3 250 42 31 313 232 27 24 391 177 33 28 422 201 39 23 327 198 39 41 354 184 31 24 331 293 55 59 316 253 55 43 452 184 19 19
positive/1647664321.3910272.png 15 337 292 41 59 326 257 47 45 380 253 34 29 321 232 19 23 329 202 36 27 362 184 27 29 390 176 32 29 436 200 26 19 450 183 23 18 541 192 55 43 527 266 52 66 704 333 100 56 683 412 54 53 71 209 53 52 11 240 52 60
positive/1647664321.9329805.png 14 333 291 56 57 333 259 40 45 314 233 28 22 322 201 44 29 364 180 30 34 391 174 33 30 414 196 24 26 533 263 42 69 700 333 104 64 695 415 41 49 551 199 62 53 22 249 67 52 85 208 60 45 383 254 35 29
positive/1647664322.2703805.png 14 388 258 26 29 335 294 49 55 521 262 63 65 696 342 106 42 688 412 43 53 559 209 68 47 403 199 30 22 327 200 41 35 362 181 33 32 391 176 31 34 105 204 56 45 52 247 55 55 332 258 43 49 318 230 20 26
positive/1647664322.440405.png 13 522 265 56 61 562 212 73 40 705 341 101 47 685 417 50 43 383 256 36 31 322 201 45 33 310 230 32 26 53 249 62 49 106 204 57 46 363 180 34 36 392 174 29 31 332 292 52 61 331 256 46 47
positive/1647664322.9593701.png 13 340 293 40 57 524 263 54 67 684 340 117 44 638 418 61 33 578 221 71 43 325 200 43 34 302 231 38 28 374 258 43 25 328 262 50 39 72 250 77 43 109 209 51 40 361 183 36 31 394 170 28 36
positive/1647664325.7689526.png 13 403 304 66 54 433 259 58 55 376 216 46 33 312 181 47 43 118 304 56 42 287 369 39 42 381 296 21 20 540 253 18 21 751 419 77 82 18 326 59 60 13 300 33 34 420 186 25 31 422 164 31 22
positive/1647664326.152288.png 14 416 314 43 53 379 295 43 38 434 261 57 49 379 212 43 40 121 309 52 37 286 366 39 43 743 420 83 79 423 187 19 22 324 184 19 36 421 162 32 23 443 188 15 9 541 250 19 24 2 305 60 25 7 343 51 58
positive/1647664329.523807.png 9 284 236 59 126 327 220 35 54 51 180 55 49 88 76 80 50 163 60 79 54 379 105 51 39 418 59 34 32 759 205 70 84 7 298 129 103
positive/1647664329.984729.png 7 300 212 53 119 390 102 37 47 415 56 40 36 734 218 88 72 91 76 74 63 158 45 80 72 5 184 59 37
positive/1647664330.9953244.png 8 318 156 62 107 396 190 55 51 382 103 44 37 412 50 45 36 155 47 82 73 94 64 75 91 8 168 32 40 4 301 98 92
positive/1647664331.782395.png 7 325 137 64 89 434 173 61 45 388 104 34 39 421 54 29 33 159 62 73 43 80 77 86 39 9 274 136 115
positive/1647664332.6674964.png 7 7 278 132 109 329 110 59 72 450 159 73 52 384 106 47 40 415 54 45 37 167 59 68 59 98 77 62 55
positive/1647664334.6100445.png 10 115 189 87 98 32 106 77 65 106 84 77 65 186 85 44 34 244 51 79 48 395 46 82 54 475 43 65 57 526 125 83 73 601 213 81 49 60 344 145 68
positive/1647664335.1538107.png 9 521 122 93 88 478 42 61 63 407 44 73 44 253 52 74 58 187 87 44 27 55 105 91 71 115 93 66 45 113 212 75 86 54 343 161 67
positive/1647664335.5351822.png 10 106 232 75 93 521 124 84 86 604 217 85 49 58 342 156 70 71 103 84 59 117 90 67 50 185 86 47 32 269 55 52 46 408 45 71 52 495 52 63 44
positive/1647664355.666919.png 7 275 137 97 64 216 27 131 85 80 4 84 101 378 3 108 79 496 247 241 149 559 145 124 131 25 347 102 66
positive/1647664356.0491781.png 8 298 138 82 64 479 242 263 149 527 152 156 121 33 313 156 100 72 5 94 120 204 25 140 92 388 3 92 80 524 34 40 54
positive/1647664356.388072.png 9 305 117 49 74 521 46 50 44 378 11 91 64 212 27 124 81 67 27 87 100 4 205 54 139 123 304 114 105 495 241 237 153 571 149 116 129
positive/1647664356.5565243.png 9 307 123 45 54 514 44 50 47 366 11 92 76 214 37 122 68 61 46 90 112 5 198 75 147 130 273 113 129 488 258 249 140 577 160 102 118
positive/1647664356.7269502.png 9 308 112 46 56 52 76 103 112 9 192 103 152 138 290 109 113 495 257 245 137 573 156 119 127 506 53 48 44 358 8 98 81 218 26 119 83
positive/1647664357.0633435.png 9 314 108 36 52 485 53 51 44 359 7 86 81 223 23 119 77 51 99 108 115 3 178 141 163 121 291 149 111 489 258 242 133 574 148 117 123
positive/1647664357.2340033.png 9 304 100 52 76 213 26 128 82 347 9 104 79 469 57 56 52 475 254 270 146 551 145 154 127 12 116 152 91 0 169 162 149 136 287 119 122
positive/1647664357.4024467.png 9 301 112 66 53 227 31 125 74 354 16 94 68 456 58 69 51 566 147 118 121 499 231 240 170 145 294 77 112 6 159 184 176 1 104 142 108
positive/1647664357.5728862.png 9 300 110 86 65 447 70 73 41 365 16 79 74 227 21 109 110 2 122 127 95 33 147 170 167 113 312 135 79 478 243 259 151 563 154 115 124
positive/1647664357.9232378.png 9 71 161 222 133 4 127 81 110 71 284 130 102 237 21 88 92 351 16 97 70 428 74 66 51 337 120 61 59 569 146 117 128 483 252 255 144
positive/1647664358.6164882.png 8 193 163 175 127 233 41 88 104 28 230 95 121 350 12 106 83 388 84 69 54 361 131 98 71 564 148 122 122 496 250 241 149
positive/1647664359.5190985.png 8 183 86 154 89 349 24 103 58 377 98 81 42 453 145 63 68 227 184 175 148 0 218 48 79 484 253 264 141 574 150 104 118
positive/1647664367.3847635.png 4 50 61 188 130 443 61 156 110 534 307 130 98 574 436 158 66
positive/1647664367.5671585.png 4 42 69 166 111 444 48 163 118 539 308 129 101 577 432 150 70
positive/1647664367.7186556.png 4 26 89 173 89 455 52 127 120 529 282 130 123 572 439 161 65
positive/1647664367.8880844.png 4 12 82 151 135 461 54 113 137 530 304 130 94 572 420 157 82
positive/1647664368.0595107.png 4 11 85 133 116 465 58 116 142 524 294 140 96 578 439 149 61
positive/1647664368.223766.png 4 18 78 80 146 459 58 116 127 539 291 119 119 558 437 175 66
positive/1647664368.5333374.png 4 12 104 76 112 426 66 149 139 528 286 136 115 549 416 185 88
positive/1647664368.6970177.png 4 5 114 84 133 420 65 151 133 517 308 159 86 556 427 169 73
positive/1647664368.851501.png 4 373 69 161 133 520 299 158 98 547 444 189 59 5 109 87 159
positive/1647664369.0338879.png 4 352 81 175 107 5 124 78 149 532 301 130 108 583 422 148 81
positive/1647664369.7159219.png 3 2 138 121 121 266 73 182 108 5 249 80 111
positive/1647664370.0641816.png 3 210 74 195 108 7 123 160 145 3 265 150 124
positive/1647664370.586539.png 3 34 257 235 129 74 133 165 103 150 81 173 88
positive/1647664377.8159075.png 4 569 292 69 79 662 288 166 172 583 224 76 59 549 130 63 77
positive/1647664378.003809.png 4 546 118 61 108 592 223 101 85 571 312 65 101 702 304 123 165
positive/1647664379.9651291.png 1 558 216 113 181
positive/1647664380.1505425.png 1 566 229 98 170
positive/1647664380.3484917.png 2 455 87 111 78 578 230 80 169
positive/1647664386.8606896.png 3 452 156 83 111 178 98 201 146 404 23 76 58
positive/1647664391.966779.png 2 79 116 217 200 523 233 86 109
positive/1647664404.0800083.png 4 513 222 82 186 572 177 176 129 429 2 99 77 773 195 56 113
positive/1647664411.0617208.png 3 334 81 138 138 430 48 142 85 48 288 195 126
positive/1647664430.842813.png 1 315 54 179 139
positive/1647664431.069094.png 1 315 86 149 133
positive/1647664440.4678135.png 3 312 116 164 251 37 212 134 161 409 240 321 175
positive/1647664448.1089077.png 2 343 98 131 220 182 269 104 109
positive/1647664448.48865.png 3 348 119 131 167 568 101 142 195 206 282 84 99
positive/1647664450.5078592.png 4 502 156 102 167 253 187 114 103 87 77 99 83 23 204 110 85
positive/1647664457.7233927.png 1 288 0 189 209
positive/1647664465.040523.png 2 354 138 305 270 11 60 255 211
positive/1647664465.209952.png 2 309 118 299 290 3 63 217 223
positive/1647664465.384921.png 2 293 123 280 289 1 72 178 220
positive/1647664466.5654364.png 1 20 6 141 212
positive/1647664468.2637343.png 2 144 147 398 256 605 202 152 173
positive/1647664511.8599205.png 3 403 110 147 128 83 89 100 140 385 57 120 87
positive/1647664514.330078.png 8 499 210 124 68 508 229 106 205 162 107 103 99 303 67 94 65 39 81 104 109 174 28 51 40 248 3 104 46 152 5 64 32
positive/1647664514.8719654.png 8 516 242 110 212 536 109 89 96 109 117 137 123 272 65 91 100 77 62 111 109 139 29 49 36 252 3 68 58 154 3 65 43
positive/1647664515.0394385.png 9 543 102 81 105 609 217 91 67 479 243 155 164 255 62 113 98 87 127 138 120 87 62 115 96 121 35 55 32 117 68 48 23 224 3 93 65
positive/1647664515.2089677.png 9 602 218 91 67 482 240 157 170 524 100 99 112 249 63 104 112 54 133 155 119 101 64 114 88 114 63 51 35 106 31 59 32 223 3 91 72
positive/1647664517.2614.png 9 575 178 166 147 221 82 144 145 114 36 141 79 202 17 55 27 393 14 69 70 539 2 57 49 484 81 133 89 512 54 61 41 372 307 301 102
positive/1647664517.4487817.png 4 235 88 100 146 203 17 51 25 359 14 104 84 635 164 30 39
positive/1647664517.783989.png 3 355 6 127 106 127 32 128 73 553 158 99 140
positive/1647664518.120594.png 4 484 59 74 51 350 4 143 91 202 64 107 145 467 248 211 212
positive/1647664518.2726986.png 1 219 66 95 121
positive/1647664518.6301866.png 1 441 64 78 56
positive/1647664519.2875123.png 1 421 66 42 44
positive/1647664520.1203477.png 1 349 59 91 84
positive/1647664520.8235486.png 6 327 61 86 86 197 60 76 95 158 202 138 206 509 83 108 85 503 58 110 35 396 253 232 125
positive/1647664523.026137.png 12 424 102 94 136 469 79 65 54 528 53 72 49 312 71 74 103 107 99 148 112 120 267 263 134 577 199 143 150 189 37 95 84 2 128 78 52 291 16 78 73 361 9 93 65 242 2 80 43
positive/1647664523.3821084.png 9 217 269 96 138 138 99 66 102 183 46 97 80 322 77 119 67 587 199 142 165 393 102 145 136 470 60 66 77 528 51 65 55 5 106 69 86
positive/1647664524.0514195.png 9 20 116 160 126 178 40 109 99 354 14 104 59 390 67 124 70 449 104 64 113 576 212 137 133 514 88 72 47 519 49 81 47 177 1 98 46
positive/1647664524.5735004.png 8 180 42 97 88 6 136 132 88 440 105 77 126 451 67 71 80 408 5 63 66 273 9 96 80 593 199 117 148 181 3 79 39
positive/1647664524.7429607.png 10 553 101 57 61 529 55 68 54 439 68 86 80 436 81 99 161 172 36 107 94 8 107 141 123 67 119 77 47 383 5 86 75 274 7 82 77 564 203 164 163
positive/1647664528.0439878.png 11 28 97 108 127 157 60 64 83 114 9 62 45 206 15 46 52 232 17 124 65 287 63 80 78 488 87 79 148 520 15 91 75 468 3 79 61 412 0 40 43 571 228 162 116
positive/1647664539.5941553.png 9 361 168 91 142 662 200 43 84 517 46 51 87 384 50 73 84 252 104 57 99 123 250 156 157 241 57 82 77 220 3 98 67 28 19 60 51
positive/1647664540.5306995.png 8 328 163 131 161 257 83 87 113 305 55 92 58 412 59 80 93 523 43 45 92 658 201 48 74 141 282 137 120 132 5 112 75